26.8844890594482421875000000
29.5686798095703125000000000
32.2401924133300781250000000
34.8865127563476562500000000
37.4954605102539062500000000
40.0553436279296875000000000
42.5550918579101562500000000
44.9844017028808593750000000
47.3338661193847656250000000
49.5950202941894531250000000
51.7604331970214843750000000
53.8237724304199218750000000
55.7798194885253906250000000
57.6244926452636718750000000
59.3548240661621093750000000
60.9689140319824218750000000
62.4659118652343750000000000
63.8459396362304687500000000
65.1100463867187500000000000
66.2600936889648437500000000
67.2986373901367187500000000
68.2289581298828125000000000
69.0548477172851562500000000
69.7805862426757812500000000
70.4107971191406250000000000
70.9504470825195312500000000
71.4046859741210937500000000
71.7787780761718750000000000
72.0781097412109375000000000
72.3080368041992187500000000
72.4738693237304687500000000
72.5808715820312500000000000
72.6341400146484375000000000
72.6386642456054687500000000
72.5992050170898437500000000
72.5203399658203125000000000
72.4064254760742187500000000
72.2615356445312500000000000
72.0896148681640625000000000
71.8942565917968750000000000
71.6788787841796875000000000
71.4466323852539062500000000
71.2004470825195312500000000
70.9429931640625000000000000
70.6767883300781250000000000
70.4040451049804687500000000
70.1268463134765625000000000
69.8470916748046875000000000
69.5663681030273437500000000
69.2862167358398437500000000
69.0079650878906250000000000
68.7327880859375000000000000
68.4617233276367187500000000
68.1956481933593750000000000
67.9353408813476562500000000
67.6814651489257812500000000
67.4345474243164062500000000
67.1950531005859375000000000
66.9633178710937500000000000
66.7396469116210937500000000
66.5242233276367187500000000
66.3171920776367187500000000
66.1186065673828125000000000
65.9285049438476562500000000
65.7468414306640625000000000
65.5735855102539062500000000
65.4085998535156250000000000
65.2517623901367187500000000
65.1029052734375000000000000
64.9618377685546875000000000
64.8283462524414062500000000
64.7022247314453125000000000
64.5831985473632812500000000
64.4710693359375000000000000
64.3655166625976562500000000
64.2663345336914062500000000
64.1732482910156250000000000
64.0859832763671875000000000
64.0042572021484375000000000
63.9278678894042968750000000
63.8564720153808593750000000
63.7898635864257812500000000
63.7277565002441406250000000
63.6699371337890625000000000
63.6161651611328125000000000
63.5662117004394531250000000
63.5198440551757812500000000
63.4768600463867187500000000
63.4370574951171875000000000
63.4002227783203125000000000
63.3661994934082031250000000
63.3347740173339843750000000
63.3058013916015625000000000
63.2790946960449218750000000
63.2545204162597656250000000
63.2319068908691406250000000
63.2111320495605468750000000
63.1920814514160156250000000
63.1745910644531250000000000
63.1585884094238281250000000
63.1439437866210937500000000
63.1305580139160156250000000
63.1183242797851562500000000
63.1071815490722656250000000
63.0970230102539062500000000
63.0877723693847656250000000
63.0793685913085937500000000
63.0717430114746093750000000
63.0648269653320312500000000
63.0585670471191406250000000
63.0529136657714843750000000
63.0478172302246093750000000
63.0432243347167968750000000
63.0391159057617187500000000
63.0354309082031250000000000
63.0321540832519531250000000
63.0292472839355468750000000
63.0266914367675781250000000
63.0244483947753906250000000
63.0225067138671875000000000
63.0208511352539062500000000
63.0194702148437500000000000
63.0183372497558593750000000
63.0174484252929687500000000
63.0167846679687500000000000
63.0163497924804687500000000
63.0161285400390625000000000
