0.9531267285346984863281250
0.9291356205940246582031250
0.9052623510360717773437500
0.8816219568252563476562500
0.8583264350891113281250000
0.8354821205139160156250000
0.8131871819496154785156250
0.7915315628051757812500000
0.7705955505371093750000000
0.7504479885101318359375000
0.7311469912528991699218750
0.7127386927604675292968750
0.6952580213546752929687500
0.6787284016609191894531250
0.6631624698638916015625000
0.6485626101493835449218750
0.6349223256111145019531250
0.6222262382507324218750000
0.6104519963264465332031250
0.5995712280273437500000000
0.5895501375198364257812500
0.5803512334823608398437500
0.5719336271286010742187500
0.5642546415328979492187500
0.5572696924209594726562500
0.5509345531463623046875000
0.5452044010162353515625000
0.5400350093841552734375000
0.5353837013244628906250000
0.5312090516090393066406250
0.5274713039398193359375000
0.9531267285346984863281250
0.9291356205940246582031250
0.9052623510360717773437500
0.8816219568252563476562500
0.8583264350891113281250000
0.8354821205139160156250000
0.8131871819496154785156250
0.7915315628051757812500000
0.7705955505371093750000000
0.7504479885101318359375000
0.7311469912528991699218750
0.7127386927604675292968750
0.6952580213546752929687500
0.6787284016609191894531250
0.6631624698638916015625000
0.6485626101493835449218750
0.6349223256111145019531250
0.6222262382507324218750000
0.6104519963264465332031250
0.5995712280273437500000000
0.5895501375198364257812500
0.5803512334823608398437500
0.5719336271286010742187500
0.5642546415328979492187500
0.5572696924209594726562500
0.5509345531463623046875000
0.5452044010162353515625000
0.5400350093841552734375000
0.5353837013244628906250000
0.5312090516090393066406250
